Detailed Classification Report for LSTM
============================================================

              precision    recall  f1-score   support

           0       0.98      0.87      0.92     29794
           1       0.95      1.00      0.97     13309
           2       0.84      0.98      0.90      8432
           3       0.76      0.99      0.86      6045
           4       0.97      0.94      0.96     22132
           5       0.96      0.96      0.96      8706
           6       0.97      0.99      0.98     10102

    accuracy                           0.94     98520
   macro avg       0.92      0.96      0.94     98520
weighted avg       0.95      0.94      0.94     98520
